Program,Landing page views,Results,Conversion_Rate
MS in engineering management,1891.0,94.0,4.97
Military focused campaign,3083.0,146.0,4.74
Bachelors of science in engineering,3404.0,136.0,4.0
MBA Airlines,3003.0,115.0,3.83
MS in management,54.0,2.0,3.7
Bachelors of science in aerospace,3974.0,126.0,3.17
Masters of space operations,6606.0,0.0,0.0
